{
 "cells": [
  {
   "cell_type": "code",
   "execution_count": 1,
   "metadata": {},
   "outputs": [],
   "source": [
    "import numpy as np\n",
    "# import matplotlib.pyplot as plt\n",
    "# import scipy\n",
    "# import sympy as sp\n",
    "# import pandas as pd"
   ]
  },
  {
   "cell_type": "markdown",
   "metadata": {},
   "source": [
    "***"
   ]
  },
  {
   "cell_type": "markdown",
   "metadata": {},
   "source": [
    "#### Выполнить QR - разложение матрицы A, получив матрицу R и матрицу T, являющуюся обратной к Q. Вычисления организовать для произвольной квадратной матрицы порядка n."
   ]
  },
  {
   "cell_type": "markdown",
   "metadata": {},
   "source": [
    "***"
   ]
  },
  {
   "cell_type": "markdown",
   "metadata": {},
   "source": [
    "### Постановка задачи"
   ]
  },
  {
   "cell_type": "markdown",
   "metadata": {},
   "source": [
    "<u>Цель</u>: получить разложение матрицы A на матрицу R и матрицу T, обратную к Q.\n",
    "\n",
    "<u>Исходные данные</u>: Матрица A размера NxN.\n",
    "\n",
    "<u>Модельные представления</u>: QR-разложение представляет исходную матрицу в виде произведения двух матриц: Q - ортогональная матрица, R - верхнетреугольная матрица.\n",
    "\n",
    "<u>Критерий оценки результата</u>: выполняются равенства A = $ QR, QT = E $."
   ]
  },
  {
   "cell_type": "markdown",
   "metadata": {},
   "source": [
    "***"
   ]
  },
  {
   "cell_type": "code",
   "execution_count": 3,
   "metadata": {},
   "outputs": [],
   "source": [
    "# Задаем матрицу A\n",
    "A = np.array([\n",
    "    [4.33958, 0.833874, 0.461316, 0.483263, 0.952033, 0.60669],\n",
    "    [0.122425, 4.0698, 0.884887, 0.309651, 0.0898522, 0.931766],\n",
    "    [0.160705, 0.050313, 3.16855, 0.874556, 0.125428, 0.868234],\n",
    "    [0.715778, 0.634697, 0.394662, 2.88133, 0.097117, 0.214019],\n",
    "    [0.795368, 0.902429, 0.711462, 0.268238, 5.44945, 0.0279822],\n",
    "    [0.420162, 0.0779385, 0.510535, 0.48501, 0.0974471, 5.09599]\n",
    "])"
   ]
  },
  {
   "cell_type": "code",
   "execution_count": 80,
   "metadata": {},
   "outputs": [],
   "source": [
    "def qr_decomposition(A):\n",
    "    n = A.shape[0]\n",
    "    R = A.copy()\n",
    "    Q = np.eye(n)\n",
    "\n",
    "    for k in range(n - 1):\n",
    "        for l in range(k + 1, n):\n",
    "            # Вычисляем c и s\n",
    "            R_kk = R[k, k]\n",
    "            R_lk = R[l, k]\n",
    "            magnitude = np.sqrt(R_kk**2 + R_lk**2)\n",
    "            c = R_kk / magnitude\n",
    "            s = R_lk / magnitude\n",
    "\n",
    "            # Создаем матрицу преобразования T_lk\n",
    "            T_lk = np.eye(n)\n",
    "            T_lk[k, k] = c\n",
    "            T_lk[l, k] = -s\n",
    "            T_lk[k, l] = s\n",
    "            T_lk[l, l] = c\n",
    "\n",
    "            # Обновляем матрицу R и матрицу Q\n",
    "            R = np.dot(T_lk, R)\n",
    "            Q = np.dot(Q, T_lk.T)\n",
    "\n",
    "    return Q, R"
   ]
  },
  {
   "cell_type": "code",
   "execution_count": 81,
   "metadata": {},
   "outputs": [],
   "source": [
    "Q, R = qr_decomposition(A)"
   ]
  },
  {
   "cell_type": "code",
   "execution_count": 86,
   "metadata": {},
   "outputs": [
    {
     "data": {
      "text/plain": [
       "array([[4.33958  , 0.833874 , 0.461316 , 0.483263 , 0.952033 , 0.60669  ],\n",
       "       [0.122425 , 4.0698   , 0.884887 , 0.309651 , 0.0898522, 0.931766 ],\n",
       "       [0.160705 , 0.050313 , 3.16855  , 0.874556 , 0.125428 , 0.868234 ],\n",
       "       [0.715778 , 0.634697 , 0.394662 , 2.88133  , 0.097117 , 0.214019 ],\n",
       "       [0.795368 , 0.902429 , 0.711462 , 0.268238 , 5.44945  , 0.0279822],\n",
       "       [0.420162 , 0.0779385, 0.510535 , 0.48501  , 0.0974471, 5.09599  ]])"
      ]
     },
     "metadata": {},
     "output_type": "display_data"
    }
   ],
   "source": [
    "display(np.dot(Q, R))"
   ]
  },
  {
   "cell_type": "code",
   "execution_count": 20,
   "metadata": {},
   "outputs": [
    {
     "data": {
      "text/plain": [
       "array([[4.33958  , 0.833874 , 0.461316 , 0.483263 , 0.952033 , 0.60669  ],\n",
       "       [0.122425 , 4.0698   , 0.884887 , 0.309651 , 0.0898522, 0.931766 ],\n",
       "       [0.160705 , 0.050313 , 3.16855  , 0.874556 , 0.125428 , 0.868234 ],\n",
       "       [0.715778 , 0.634697 , 0.394662 , 2.88133  , 0.097117 , 0.214019 ],\n",
       "       [0.795368 , 0.902429 , 0.711462 , 0.268238 , 5.44945  , 0.0279822],\n",
       "       [0.420162 , 0.0779385, 0.510535 , 0.48501  , 0.0974471, 5.09599  ]])"
      ]
     },
     "metadata": {},
     "output_type": "display_data"
    }
   ],
   "source": [
    "display(A)"
   ]
  },
  {
   "cell_type": "code",
   "execution_count": 85,
   "metadata": {},
   "outputs": [
    {
     "data": {
      "text/plain": [
       "array([[ 1.00000000e+00, -1.27878033e-17, -2.54405815e-17,\n",
       "        -5.00345895e-17, -4.61359157e-17,  5.12634636e-19],\n",
       "       [-1.27878033e-17,  1.00000000e+00, -6.84828623e-18,\n",
       "        -4.72917376e-17, -9.01403883e-17,  9.66432540e-18],\n",
       "       [-2.54405815e-17, -6.84828623e-18,  1.00000000e+00,\n",
       "        -1.45950433e-17, -2.99523384e-17, -1.23133553e-16],\n",
       "       [-5.00345895e-17, -4.72917376e-17, -1.45950433e-17,\n",
       "         1.00000000e+00,  1.30098580e-17,  1.83548843e-17],\n",
       "       [-4.61359157e-17, -9.01403883e-17, -2.99523384e-17,\n",
       "         1.30098580e-17,  1.00000000e+00,  1.05255508e-17],\n",
       "       [ 5.12634636e-19,  9.66432540e-18, -1.23133553e-16,\n",
       "         1.83548843e-17,  1.05255508e-17,  1.00000000e+00]])"
      ]
     },
     "metadata": {},
     "output_type": "display_data"
    }
   ],
   "source": [
    "display(Q.T @ Q)"
   ]
  },
  {
   "cell_type": "markdown",
   "metadata": {},
   "source": [
    "***"
   ]
  },
  {
   "cell_type": "markdown",
   "metadata": {},
   "source": [
    "2. Дайте определение понятия нормы элемента в некотором линейном пространстве. Как можно использовать норму элемента для вычисления расстояния между элементами в этом пространстве."
   ]
  },
  {
   "cell_type": "markdown",
   "metadata": {},
   "source": [
    "Норма элемента в линейном пространстве - это функция, которая сопоставляет элементу этого пространства неотрицательное вещественное число и удовлетворяет следующим условиям:\n",
    "\n",
    "1. Норма нулевого элемента равна нулю: ||0|| = 0.\n",
    "2. Норма элемента, умноженного на скаляр, равна модулю этого скаляра, умноженному на норму элемента: ||αx|| = |α| * ||x||, где α - скаляр.\n",
    "3. Неравенство треугольника: ||x + y|| <= ||x|| + ||y||, где x и y - элементы линейного пространства.\n",
    "\n",
    "Норма элемента используется для измерения \"размера\" или \"длины\" элемента в данном пространстве. Это понятие позволяет определить расстояние между элементами в линейном пространстве, используя норму разности двух элементов. Расстояние между элементами x и y можно определить как норму их разности:\n",
    "\n",
    "$$ d(x,y)=∣∣x−y∣∣ $$\n",
    "\n",
    "Это расстояние измеряет, насколько \"близки\" или \"далеки\" элементы x и y в данном линейном пространстве, и оно полезно, например, при решении задач оптимизации, поиске ближайших соседей в машинном обучении и других приложениях."
   ]
  },
  {
   "cell_type": "markdown",
   "metadata": {},
   "source": [
    "***"
   ]
  },
  {
   "cell_type": "markdown",
   "metadata": {},
   "source": [
    "4.\tЧто такое вектор невязки для СЛАУ и как определить его норму?"
   ]
  },
  {
   "cell_type": "markdown",
   "metadata": {},
   "source": [
    "Вектор невязки для системы линейных алгебраических уравнений (СЛАУ) представляет собой вектор, который показывает, насколько близко полученное решение приближается к удовлетворению всех уравнений системы. Если система имеет вид:\n",
    "\n",
    "$$ Ax = b, $$\n",
    "\n",
    "где A - матрица коэффициентов, x - вектор неизвестных, b - вектор правых частей, то вектор невязки для этой системы определяется как:\n",
    "\n",
    "$$ r = Ax - b $$\n",
    "\n",
    "Чтобы определить норму вектора можно воспользоваться формулой:\n",
    "\n",
    "$$ ||r||_2 = \\sum_{i=1}^{n}|r_i| $$"
   ]
  },
  {
   "cell_type": "markdown",
   "metadata": {},
   "source": [
    "***"
   ]
  },
  {
   "cell_type": "markdown",
   "metadata": {},
   "source": [
    "6.\tПусть получено LU разложение для некоторой квадратной матрицы A. Как можно использовать его для получения решения системы Ax=b?"
   ]
  },
  {
   "cell_type": "markdown",
   "metadata": {},
   "source": [
    "В результате разложения матрицы начальная система уравнений эквивалентна двум системам\n",
    "\n",
    "$$ Ax = b => \\\\ LUx = b => \\\\ Ux = z => \\\\ Lz = b $$\n",
    "\n",
    "Для определения вектора x (решения исходной системы) воспользуемся треугольным видом матрицы U и определим:\n",
    "\n",
    "$$ x_n = \\frac{z_n}{U_{nn}} $$\n",
    "\n",
    "Далее для $ k = n-1, n-2, \\dots, 1 $ определяем остальные компоненты:\n",
    "\n",
    "$$ x_k = \\frac{z_k - \\sum_{i=k+1}^{n} U_{ki} x_i}{U_{kk}} $$\n",
    "\n",
    "Найденный вектор x является решением исходной системы уравнений Ax = b."
   ]
  },
  {
   "cell_type": "markdown",
   "metadata": {},
   "source": []
  }
 ],
 "metadata": {
  "kernelspec": {
   "display_name": "Python 3",
   "language": "python",
   "name": "python3"
  },
  "language_info": {
   "codemirror_mode": {
    "name": "ipython",
    "version": 3
   },
   "file_extension": ".py",
   "mimetype": "text/x-python",
   "name": "python",
   "nbconvert_exporter": "python",
   "pygments_lexer": "ipython3",
   "version": "3.10.0"
  }
 },
 "nbformat": 4,
 "nbformat_minor": 2
}
